-------------------------------------------------------------------------------
Language                    Files       Lines     Blanks    Comments       Code
-------------------------------------------------------------------------------
C#                            106      25,839      3,356         654     21,829
XAML                           33       6,532        273         170      6,089
Powershell                     14       1,071        136           4        931
CSS                             7          91         13           4         74
HTML                            4         938          0           0        938
XML                             4         246        198           0         48
JavaScript                      1           5          0           4          1
Sass                            1          15          5           0         10
-------------------------------------------------------------------------------
Total                         170      34,737      3,981         836     29,920
-------------------------------------------------------------------------------
34,737 lines of code and counting...
